0 1 -52.000000
0 4 -54.000000
4 0 -56.000000
4 5 -51.000000
4 8 -57.000000
8 4 -53.000000
8 9 -56.000000
8 12 -57.000000
12 8 -60.000000
12 13 -52.000000
12 16 -60.000000
16 12 -54.000000
16 17 -58.000000
1 0 -57.000000
1 2 -54.000000
1 5 -52.000000
5 4 -56.000000
5 1 -60.000000
5 6 -55.000000
5 9 -56.000000
9 8 -55.000000
9 5 -53.000000
9 10 -58.000000
9 13 -58.000000
13 12 -51.000000
13 9 -54.000000
13 14 -55.000000
13 17 -53.000000
17 16 -58.000000
17 13 -56.000000
17 18 -58.000000
2 1 -53.000000
2 3 -55.000000
2 6 -56.000000
6 5 -57.000000
6 2 -59.000000
6 7 -51.000000
6 10 -52.000000
10 9 -58.000000
10 6 -51.000000
10 11 -54.000000
10 14 -52.000000
14 13 -58.000000
14 10 -51.000000
14 15 -54.000000
14 18 -52.000000
18 17 -57.000000
18 14 -53.000000
18 19 -55.000000
3 2 -56.000000
3 7 -55.000000
7 6 -59.000000
7 3 -51.000000
7 11 -51.000000
11 10 -60.000000
11 7 -56.000000
11 15 -51.000000
15 14 -52.000000
15 11 -57.000000
15 19 -59.000000
19 18 -53.000000
19 15 -58.000000
